yejq8 13331414 108 100
yejq8 13331414 107 100
yejq8 13331414 106 100
yejq8 13331414 105 100
yejq8 13331414 104 100
yejq8 13331414 103 100
yejq8 13331414 102 100
yejq8 13331414 101 100
yejq8 13331414 100 100
yejq8 13331414 99 100
yejq8 13331414 98 100
yejq8 13331414 97 100
yejq8 13331414 96 100
yejq8 13331414 95 100
yejq8 13331414 94 100
yejq8 13331414 93 100
yejq8 13331414 92 100
yejq8 13331414 91 100
yejq8 13331414 90 100
yejq8 13331414 89 100
yejq8 13331414 88 100
yejq8 13331414 87 100
yejq8 13331414 86 100
yejq8 13331414 85 100
yejq8 13331414 84 100
yejq8 13331414 83 100
yejq8 13331414 82 100
yejq8 13331414 81 100
yejq8 13331414 80 100
yejq8 13331414 79 100
yejq8 13331414 78 100
yejq8 13331414 77 100
yejq8 13331414 76 100
yejq8 13331414 75 100
yejq8 13331414 74 100
yejq8 13331414 73 100
yejq8 13331414 72 100
yejq8 13331414 71 100
yejq8 13331414 70 100
yejq8 13331414 69 100
yejq8 13331414 68 100
yejq8 13331414 67 100
yejq8 13331414 66 100
yejq8 13331414 65 100
yejq8 13331414 64 100
yejq8 13331414 63 100
yejq8 13331414 62 100
yejq8 13331414 61 100
yejq8 13331414 60 100
yejq8 13331414 59 100
yejq8 13331414 58 100
yejq8 13331414 57 100
yejq8 13331414 56 100
yejq8 13331414 55 100
yejq8 13331414 54 100
yejq8 13331414 53 100
yejq8 13331414 52 100
yejq8 13331414 51 100
yejq8 13331414 50 100
yejq8 13331414 49 100
yejq8 13331414 48 100
yejq8 13331414 47 100
yejq8 13331414 46 100
yejq8 13331414 45 100
yejq8 13331414 44 100
yejq8 13331414 43 100
yejq8 13331414 42 100
yejq8 13331414 41 100
yejq8 13331414 40 100
yejq8 13331414 39 100
yejq8 13331414 38 100
yejq8 13331414 37 100
yejq8 13331414 36 100
yejq8 13331414 35 100
yejq8 13331414 34 100
yejq8 13331414 33 100
yejq8 13331414 32 100
yejq8 13331414 31 100
yejq8 13331414 30 100
yejq8 13331414 29 100
yejq8 13331414 28 100
yejq8 13331414 27 100
yejq8 13331414 26 100
yejq8 13331414 25 100
yejq8 13331414 24 100
yejq8 13331414 23 100
yejq8 13331414 22 100
yejq8 13331414 21 100
yejq8 13331414 20 100
yejq8 13331414 19 100
yejq8 13331414 18 100
yejq8 13331414 17 100
yejq8 13331414 16 100
yejq8 13331414 15 100
yejq8 13331414 14 100
yejq8 13331414 13 100
yejq8 13331414 12 100
yejq8 13331414 11 100
yejq8 13331414 10 100
yejq8 13331414 9 100
